(0, 37.0, 530.254, 242.20000000000013, 539.722, 'MINISTÉRIO DO TRABALHO E EMPREGO - MTE')
(0, 370.0, 530.254, 510.40000000000003, 539.722, 'MINISTÉRIO DA FAZENDA - MF')
(0, 683.0, 530.254, 710.0, 539.722, 'DATA:')
(0, 719.0, 530.254, 773.0, 539.722, '08/02/2017')
(0, 37.0, 521.254, 101.8, 530.722, 'GFIP - SEFIP')
(0, 113.0, 521.254, 249.8, 530.722, '8.40 (22/03/2012) TABELAS')
(0, 254.0, 521.254, 345.8, 530.722, '31.0 (25/01/2012)')
(0, 683.0, 521.254, 710.0, 530.722, 'HORA:')
(0, 729.0, 521.254, 772.1999999999999, 530.722, '15:47:59')
(0, 683.0, 512.254, 710.0, 521.722, 'PÁG :')
(0, 724.0, 512.254, 772.6, 521.722, '0001/0020')
(0, 266.0, 500.254, 552.2, 509.722, 'RELAÇÃO DOS TRABALHADORES CONSTANTES NO ARQUIVO SEFIP')
(0, 223.0, 490.254, 595.5999999999997, 499.722, 'MODALIDADE : "BRANCO"-RECOLHIMENTO AO FGTS E DECLARAÇÃO À PREVIDÊNCIA')
(0, 503.0, 470.254, 778.4000000000001, 479.722, '858600000470 706701801704 208601183809 407421100012')
(0, 503.0, 462.254, 778.4000000000001, 471.722, '858700000006 197701801700 208601184007 407421100012')
(0, 86.0, 430.254, 350.60000000000014, 439.722, 'TERCEIRA VISAO TERCEIRIZACAO LTDA')
(0, 41.0, 430.254, 84.2, 439.722, 'EMPRESA:')
(0, 616.0, 430.254, 670.0, 439.722, 'INSCRIÇÃO:')
(0, 677.0, 430.254, 774.2, 439.722, '04.074.211/0001-20')
(0, 333.0, 421.254, 349.2, 430.722, '515')
(0, 41.0, 421.254, 109.80000000000001, 430.722, 'COMP: 01/2017')
(0, 121.0, 421.254, 181.20000000000002, 430.722, 'COD REC:150')
(0, 370.0, 421.254, 429.4, 430.722, 'OUTRAS ENT:')
(0, 431.0, 421.254, 452.59999999999997, 430.722, '0115')
(0, 202.0, 421.254, 245.20000000000002, 430.722, 'COD GPS:')
(0, 248.0, 421.254, 269.59999999999997, 430.722, '2119')
(0, 303.0, 421.254, 330.0, 430.722, 'FPAS:')
(0, 471.0, 421.254, 514.2, 430.722, 'SIMPLES:')
(0, 516.0, 421.254, 521.4, 430.722, '1')
(0, 547.0, 421.254, 568.6, 430.722, 'RAT:')
(0, 577.0, 421.254, 593.1999999999999, 430.722, '2,0')
(0, 616.0, 421.254, 661.6, 430.722, 'FAP: 1,25')
(0, 677.0, 421.254, 771.6, 430.722, 'RAT AJUSTADO: 2,50')
(0, 677.0, 411.254, 774.2, 420.722, '04.074.211/0001-20')
(0, 41.0, 410.254, 447.79999999999984, 419.722, 'TOMADOR/OBRA: TERCEIRA VISAO TERCEIRIZACAO LTDA')
(0, 616.0, 410.254, 670.0, 419.722, 'INSCRIÇÃO:')
(0, 41.0, 397.254, 127.40000000000002, 406.722, 'NOME TRABALHADOR')
(0, 329.0, 397.254, 393.79999999999995, 406.722, 'PIS/PASEP/CI')
(0, 469.0, 397.254, 537.1999999999999, 406.722, 'ADMISSÃO CAT')
(0, 547.0, 397.254, 568.6, 406.722, 'OCOR')
(0, 581.0, 397.254, 694.4, 406.722, 'DATA/COD MOVIMENTAÇÃO')
(0, 755.0, 395.254, 771.1999999999999, 404.722, 'CBO')
(0, 755.0, 387.254, 771.1999999999999, 396.722, 'JAM')
(0, 41.0, 386.254, 122.00000000000001, 395.722, 'REM SEM 13º SAL')
(0, 191.0, 386.254, 245.0, 395.722, 'REM 13ºSAL')
(0, 265.0, 386.254, 394.6, 395.722, 'BASE CÁL 13ºSAL PREV SOC')
(0, 415.0, 386.254, 512.2, 395.722, 'CONTRIB SEG DEVIDA')
(0, 629.0, 386.254, 672.1999999999999, 395.722, 'DEPÓSITO')
(0, 265.0, 374.254, 373.0, 383.722, 'BASE CÁL PREV SOCIAL')
(0, 41.0, 354.254, 224.6000000000001, 363.722, 'AGENOR FIGUEIREDO DOS SANTOS FILHO')
(0, 320.0, 354.254, 395.59999999999997, 363.722, '121.65141.92-5')
(0, 458.0, 354.254, 512.0, 363.722, '04/07/2011')
(0, 527.0, 354.254, 537.8, 363.722, '01')
(0, 745.0, 354.254, 772.0, 363.722, '04201')
(0, 104.0, 345.254, 136.4, 354.722, '987,86')
(0, 224.0, 345.254, 245.6, 354.722, '0,00')
(0, 373.0, 345.254, 394.59999999999997, 354.722, '0,00')
(0, 484.0, 345.254, 511.0, 354.722, '79,02')
(0, 647.0, 345.254, 674.0, 354.722, '79,03')
(0, 751.0, 345.254, 772.6, 354.722, '0,00')
(0, 41.0, 335.254, 159.80000000000004, 344.722, 'ANA KARINE LIMA SANTOS')
(0, 320.0, 335.254, 395.59999999999997, 344.722, '127.39907.08-9')
(0, 458.0, 335.254, 512.0, 344.722, '05/04/2010')
(0, 527.0, 335.254, 537.8, 344.722, '01')
(0, 745.0, 335.254, 772.0, 344.722, '01421')
(0, 93.0, 326.254, 136.20000000000002, 335.722, '1.210,00')
(0, 224.0, 326.254, 245.6, 335.722, '0,00')
(0, 373.0, 326.254, 394.59999999999997, 335.722, '0,00')
(0, 479.0, 326.254, 511.4, 335.722, '108,90')
(0, 647.0, 326.254, 674.0, 335.722, '96,81')
(0, 751.0, 326.254, 772.6, 335.722, '0,00')
(0, 41.0, 316.254, 170.60000000000005, 325.722, 'CLAUDINA CAIRES OLIVEIRA')
(0, 320.0, 316.254, 395.59999999999997, 325.722, '129.90093.04-6')
(0, 458.0, 316.254, 512.0, 325.722, '02/01/2007')
(0, 527.0, 316.254, 537.8, 325.722, '01')
(0, 745.0, 316.254, 772.0, 325.722, '01421')
(0, 93.0, 307.254, 136.20000000000002, 316.722, '1.834,59')
(0, 224.0, 307.254, 245.6, 316.722, '0,00')
(0, 373.0, 307.254, 394.59999999999997, 316.722, '0,00')
(0, 479.0, 307.254, 511.4, 316.722, '165,11')
(0, 642.0, 307.254, 674.4, 316.722, '146,76')
(0, 751.0, 307.254, 772.6, 316.722, '0,00')
(0, 41.0, 296.254, 143.60000000000005, 305.722, 'GELIEL SILVA SANTOS')
(0, 320.0, 296.254, 395.59999999999997, 305.722, '127.95951.06-3')
(0, 458.0, 296.254, 512.0, 305.722, '01/02/2009')
(0, 527.0, 296.254, 537.8, 305.722, '01')
(0, 745.0, 296.254, 772.0, 305.722, '01422')
(0, 93.0, 287.254, 136.20000000000002, 296.722, '1.980,00')
(0, 224.0, 287.254, 245.6, 296.722, '0,00')
(0, 373.0, 287.254, 394.59999999999997, 296.722, '0,00')
(0, 479.0, 287.254, 511.4, 296.722, '217,80')
(0, 642.0, 287.254, 674.4, 296.722, '158,41')
(0, 751.0, 287.254, 772.6, 296.722, '0,00')
(0, 41.0, 278.254, 149.00000000000003, 287.722, 'HEBER DE SOUZA MATOS')
(0, 320.0, 278.254, 395.59999999999997, 287.722, '127.35145.04-4')
(0, 458.0, 278.254, 512.0, 287.722, '01/08/2003')
(0, 527.0, 278.254, 537.8, 287.722, '01')
(0, 745.0, 278.254, 772.0, 287.722, '01422')
(0, 93.0, 268.254, 136.20000000000002, 277.722, '3.080,00')
(0, 224.0, 268.254, 245.6, 277.722, '0,00')
(0, 373.0, 268.254, 394.59999999999997, 277.722, '0,00')
(0, 479.0, 268.254, 511.4, 277.722, '338,80')
(0, 642.0, 268.254, 674.4, 277.722, '246,41')
(0, 751.0, 268.254, 772.6, 277.722, '0,00')
(0, 41.0, 258.254, 149.00000000000003, 267.722, 'JAMILE RIBEIRO ROCHA')
(0, 320.0, 258.254, 395.59999999999997, 267.722, '206.33617.09-6')
(0, 458.0, 258.254, 512.0, 267.722, '02/01/2007')
(0, 527.0, 258.254, 537.8, 267.722, '01')
(0, 745.0, 258.254, 772.0, 267.722, '01422')
(0, 93.0, 249.254, 136.20000000000002, 258.722, '1.411,22')
(0, 224.0, 249.254, 245.6, 258.722, '0,00')
(0, 373.0, 249.254, 394.59999999999997, 258.722, '0,00')
(0, 479.0, 249.254, 511.4, 258.722, '127,00')
(0, 642.0, 249.254, 674.4, 258.722, '112,89')
(0, 751.0, 249.254, 772.6, 258.722, '0,00')
(0, 41.0, 239.254, 159.80000000000004, 248.722, 'JILDALVA ALMEIDA SILVA')
(0, 320.0, 239.254, 395.59999999999997, 248.722, '126.55050.04-7')
(0, 458.0, 239.254, 512.0, 248.722, '01/06/2012')
(0, 527.0, 239.254, 537.8, 248.722, '01')
(0, 745.0, 239.254, 772.0, 248.722, '01422')
(0, 93.0, 230.254, 136.20000000000002, 239.722, '1.411,22')
(0, 224.0, 230.254, 245.6, 239.722, '0,00')
(0, 373.0, 230.254, 394.59999999999997, 239.722, '0,00')
(0, 479.0, 230.254, 511.4, 239.722, '127,00')
(0, 642.0, 230.254, 674.4, 239.722, '112,90')
(0, 751.0, 230.254, 772.6, 239.722, '0,00')
(0, 41.0, 219.254, 176.00000000000006, 228.722, 'JOSE FERREIRA DE OLIVEIRA')
(0, 320.0, 219.254, 395.59999999999997, 228.722, '103.79827.12-0')
(0, 458.0, 219.254, 512.0, 228.722, '11/02/2004')
(0, 527.0, 219.254, 537.8, 228.722, '01')
(0, 745.0, 219.254, 772.0, 228.722, '05174')
(0, 104.0, 210.254, 136.4, 219.722, '987,86')
(0, 224.0, 210.254, 245.6, 219.722, '0,00')
(0, 373.0, 210.254, 394.59999999999997, 219.722, '0,00')
(0, 484.0, 210.254, 511.0, 219.722, '79,02')
(0, 647.0, 210.254, 674.0, 219.722, '79,03')
(0, 751.0, 210.254, 772.6, 219.722, '0,00')
(0, 41.0, 200.254, 181.40000000000006, 209.722, 'JOSE VINICIUS SOUZA SANTOS')
(0, 320.0, 200.254, 395.59999999999997, 209.722, '127.63378.06-6')
(0, 458.0, 200.254, 512.0, 209.722, '03/11/2009')
(0, 527.0, 200.254, 537.8, 209.722, '01')
(0, 745.0, 200.254, 772.0, 209.722, '02521')
(0, 93.0, 191.254, 136.20000000000002, 200.722, '1.862,81')
(0, 224.0, 191.254, 245.6, 200.722, '0,00')
(0, 373.0, 191.254, 394.59999999999997, 200.722, '0,00')
(0, 479.0, 191.254, 511.4, 200.722, '167,65')
(0, 642.0, 191.254, 674.4, 200.722, '149,03')
(0, 751.0, 191.254, 772.6, 200.722, '0,00')
(0, 41.0, 181.254, 165.20000000000007, 190.722, 'LORENNA OLIVEIRA ARAUJO')
(0, 320.0, 181.254, 395.59999999999997, 190.722, '202.14607.70-9')
(0, 458.0, 181.254, 512.0, 190.722, '01/07/2015')
(0, 527.0, 181.254, 537.8, 190.722, '01')
(0, 745.0, 181.254, 772.0, 190.722, '04110')
(0, 104.0, 172.254, 136.4, 181.722, '937,00')
(0, 224.0, 172.254, 245.6, 181.722, '0,00')
(0, 373.0, 172.254, 394.59999999999997, 181.722, '0,00')
(0, 484.0, 172.254, 511.0, 181.722, '74,96')
(0, 647.0, 172.254, 674.0, 181.722, '74,96')
(0, 751.0, 172.254, 772.6, 181.722, '0,00')
(0, 41.0, 161.254, 165.20000000000007, 170.722, 'LUCIANO DE JESUS LOZADO')
(0, 320.0, 161.254, 395.59999999999997, 170.722, '130.29310.04-2')
(0, 458.0, 161.254, 512.0, 170.722, '08/03/2012')
(0, 527.0, 161.254, 537.8, 170.722, '01')
(0, 557.0, 161.254, 567.8, 170.722, '01')
(0, 745.0, 161.254, 772.0, 170.722, '05174')
(0, 93.0, 152.254, 136.20000000000002, 161.722, '1.082,58')
(0, 224.0, 152.254, 245.6, 161.722, '0,00')
(0, 373.0, 152.254, 394.59999999999997, 161.722, '0,00')
(0, 484.0, 152.254, 511.0, 161.722, '86,60')
(0, 647.0, 152.254, 674.0, 161.722, '86,60')
(0, 751.0, 152.254, 772.6, 161.722, '0,00')
(0, 41.0, 143.254, 165.20000000000007, 152.722, 'MARIVALDO SILVA SANTANA')
(0, 320.0, 143.254, 395.59999999999997, 152.722, '125.94737.06-4')
(0, 458.0, 143.254, 512.0, 152.722, '01/09/2015')
(0, 527.0, 143.254, 537.8, 152.722, '01')
(0, 745.0, 143.254, 772.0, 152.722, '04101')
(0, 93.0, 133.254, 136.20000000000002, 142.722, '1.300,00')
(0, 224.0, 133.254, 245.6, 142.722, '0,00')
(0, 373.0, 133.254, 394.59999999999997, 142.722, '0,00')
(0, 479.0, 133.254, 511.4, 142.722, '117,00')
(0, 642.0, 133.254, 674.4, 142.722, '104,01')
(0, 751.0, 133.254, 772.6, 142.722, '0,00')
(0, 41.0, 123.254, 192.20000000000007, 132.722, 'PAULO RICARDO BARBOSA SANTOS')
(0, 320.0, 123.254, 395.59999999999997, 132.722, '129.55329.05-5')
(0, 458.0, 123.254, 512.0, 132.722, '01/03/2016')
(0, 527.0, 123.254, 537.8, 132.722, '01')
(0, 745.0, 123.254, 772.0, 132.722, '04110')
(0, 93.0, 114.254, 136.20000000000002, 123.722, '1.467,33')
(0, 224.0, 114.254, 245.6, 123.722, '0,00')
(0, 373.0, 114.254, 394.59999999999997, 123.722, '0,00')
(0, 479.0, 114.254, 511.4, 123.722, '132,05')
(0, 642.0, 114.254, 674.4, 123.722, '117,39')
(0, 751.0, 114.254, 772.6, 123.722, '0,00')
(0, 41.0, 104.254, 197.60000000000008, 113.722, 'RITA DE CASSIA DE JESUS SODRE')
(0, 320.0, 104.254, 395.59999999999997, 113.722, '122.91194.15-3')
(0, 458.0, 104.254, 512.0, 113.722, '04/11/2014')
(0, 527.0, 104.254, 537.8, 113.722, '01')
(0, 745.0, 104.254, 772.0, 113.722, '05143')
(0, 104.0, 95.254, 136.4, 104.722, '937,00')
(0, 224.0, 95.254, 245.6, 104.722, '0,00')
(0, 373.0, 95.254, 394.59999999999997, 104.722, '0,00')
(0, 484.0, 95.254, 511.0, 104.722, '74,96')
(0, 647.0, 95.254, 674.0, 104.722, '74,97')
(0, 751.0, 95.254, 772.6, 104.722, '0,00')
(0, 41.0, 85.254, 149.00000000000003, 94.722, 'ROSANA SENA NOGUEIRA')
(0, 320.0, 85.254, 395.59999999999997, 94.722, '130.92936.07-7')
(0, 458.0, 85.254, 512.0, 94.722, '18/03/2013')
(0, 527.0, 85.254, 537.8, 94.722, '01')
(0, 745.0, 85.254, 772.0, 94.722, '02524')
(0, 93.0, 75.254, 136.20000000000002, 84.722, '1.177,00')
(0, 224.0, 75.254, 245.6, 84.722, '0,00')
(0, 373.0, 75.254, 394.59999999999997, 84.722, '0,00')
(0, 479.0, 75.254, 511.4, 84.722, '105,93')
(0, 647.0, 75.254, 674.0, 84.722, '94,16')
(0, 751.0, 75.254, 772.6, 84.722, '0,00')
(1, 37.0, 530.254, 242.20000000000013, 539.722, 'MINISTÉRIO DO TRABALHO E EMPREGO - MTE')
(1, 37.0, 521.254, 101.8, 530.722, 'GFIP - SEFIP')
(1, 113.0, 521.254, 249.8, 530.722, '8.40 (22/03/2012) TABELAS')
(1, 254.0, 521.254, 345.8, 530.722, '31.0 (25/01/2012)')
(1, 370.0, 530.254, 510.40000000000003, 539.722, 'MINISTÉRIO DA FAZENDA - MF')
(1, 683.0, 530.254, 710.0, 539.722, 'DATA:')
(1, 683.0, 521.254, 710.0, 530.722, 'HORA:')
(1, 683.0, 512.254, 710.0, 521.722, 'PÁG :')
(1, 719.0, 530.254, 773.0, 539.722, '08/02/2017')
(1, 729.0, 521.254, 772.1999999999999, 530.722, '15:47:59')
(1, 724.0, 512.254, 772.6, 521.722, '0002/0020')
(1, 266.0, 500.254, 552.2, 509.722, 'RELAÇÃO DOS TRABALHADORES CONSTANTES NO ARQUIVO SEFIP')
(1, 223.0, 490.254, 595.5999999999997, 499.722, 'MODALIDADE : "BRANCO"-RECOLHIMENTO AO FGTS E DECLARAÇÃO À PREVIDÊNCIA')
(1, 86.0, 430.254, 350.60000000000014, 439.722, 'TERCEIRA VISAO TERCEIRIZACAO LTDA')
(1, 333.0, 421.254, 349.2, 430.722, '515')
(1, 41.0, 430.254, 84.2, 439.722, 'EMPRESA:')
(1, 41.0, 421.254, 109.80000000000001, 430.722, 'COMP: 01/2017')
(1, 41.0, 410.254, 447.79999999999984, 419.722, 'TOMADOR/OBRA: TERCEIRA VISAO TERCEIRIZACAO LTDA')
(1, 41.0, 397.254, 127.40000000000002, 406.722, 'NOME TRABALHADOR')
(1, 41.0, 386.254, 122.00000000000001, 395.722, 'REM SEM 13º SAL')
(1, 121.0, 421.254, 181.20000000000002, 430.722, 'COD REC:150')
(1, 370.0, 421.254, 429.4, 430.722, 'OUTRAS ENT:')
(1, 431.0, 421.254, 452.59999999999997, 430.722, '0115')
(1, 191.0, 386.254, 245.0, 395.722, 'REM 13ºSAL')
(1, 202.0, 421.254, 245.20000000000002, 430.722, 'COD GPS:')
(1, 248.0, 421.254, 269.59999999999997, 430.722, '2119')
(1, 303.0, 421.254, 330.0, 430.722, 'FPAS:')
(1, 329.0, 397.254, 393.79999999999995, 406.722, 'PIS/PASEP/CI')
(1, 265.0, 386.254, 394.6, 395.722, 'BASE CÁL 13ºSAL PREV SOC')
(1, 265.0, 374.254, 373.0, 383.722, 'BASE CÁL PREV SOCIAL')
(1, 415.0, 386.254, 512.2, 395.722, 'CONTRIB SEG DEVIDA')
(1, 41.0, 354.254, 154.40000000000006, 363.722, 'CAUAN SANTANA MARQUES')
(1, 104.0, 345.254, 136.4, 354.722, '468,50')
(1, 41.0, 335.254, 154.40000000000006, 344.722, 'JAMILE BARRETO SANTOS')
(1, 104.0, 326.254, 136.4, 335.722, '468,50')
(1, 224.0, 345.254, 245.6, 354.722, '0,00')
(1, 224.0, 326.254, 245.6, 335.722, '0,00')
(1, 320.0, 354.254, 395.59999999999997, 363.722, '165.19898.05-9')
(1, 373.0, 345.254, 394.59999999999997, 354.722, '0,00')
(1, 320.0, 335.254, 395.59999999999997, 344.722, '162.81558.28-7')
(1, 373.0, 326.254, 394.59999999999997, 335.722, '0,00')
(1, 458.0, 354.254, 512.0, 363.722, '13/07/2016')
(1, 484.0, 345.254, 511.0, 354.722, '37,48')
(1, 458.0, 335.254, 512.0, 344.722, '13/07/2016')
(1, 484.0, 326.254, 511.0, 335.722, '37,48')
(1, 527.0, 354.254, 537.8, 363.722, '07')
(1, 527.0, 335.254, 537.8, 344.722, '07')
(1, 503.0, 470.254, 778.4000000000001, 479.722, '858600000470 706701801704 208601183809 407421100012')
(1, 503.0, 462.254, 778.4000000000001, 471.722, '858700000006 197701801700 208601184007 407421100012')
(1, 471.0, 421.254, 514.2, 430.722, 'SIMPLES:')
(1, 516.0, 421.254, 521.4, 430.722, '1')
(1, 547.0, 421.254, 568.6, 430.722, 'RAT:')
(1, 577.0, 421.254, 593.1999999999999, 430.722, '2.0')
(1, 616.0, 430.254, 670.0, 439.722, 'INSCRIÇÃO:')
(1, 616.0, 421.254, 661.6, 430.722, 'FAP: 1.25')
(1, 616.0, 410.254, 670.0, 419.722, 'INSCRIÇÃO:')
(1, 677.0, 430.254, 774.2, 439.722, '04.074.211/0001-20')
(1, 677.0, 421.254, 771.6, 430.722, 'RAT AJUSTADO: 2.50')
(1, 677.0, 411.254, 774.2, 420.722, '04.074.211/0001-20')
(1, 469.0, 397.254, 537.1999999999999, 406.722, 'ADMISSÃO CAT')
(1, 547.0, 397.254, 568.6, 406.722, 'OCOR')
(1, 581.0, 397.254, 694.4, 406.722, 'DATA/COD MOVIMENTAÇÃO')
(1, 629.0, 386.254, 672.1999999999999, 395.722, 'DEPÓSITO')
(1, 653.0, 345.254, 674.6, 354.722, '9,37')
(1, 653.0, 326.254, 674.6, 335.722, '9,37')
(1, 755.0, 395.254, 771.1999999999999, 404.722, 'CBO')
(1, 755.0, 387.254, 771.1999999999999, 396.722, 'JAM')
(1, 745.0, 354.254, 772.0, 363.722, '04110')
(1, 751.0, 345.254, 772.6, 354.722, '0,00')
(1, 745.0, 335.254, 772.0, 344.722, '04110')
(1, 751.0, 326.254, 772.6, 335.722, '0,00')
(1, 41.0, 31.254, 176.00000000000006, 40.722, 'TOTAIS DA EMPRESA/TOMADOR')
(1, 86.0, 22.254, 134.6, 31.722, '22.603,47')
(1, 223.0, 22.254, 244.6, 31.722, '0,00')
(1, 370.0, 22.254, 391.59999999999997, 31.722, '0,00')
(1, 483.0, 22.254, 526.1999999999999, 31.722, '2.076,76')
(1, 626.0, 22.254, 669.1999999999999, 31.722, '1.752,10')
(1, 749.0, 22.254, 770.6, 31.722, '0,00')
